Top-5: 0.823219814241486
Top-1: 0.6520123839009287
in_C=0.8, in_kernel='linear'
hog:1.5 glcm:1 lbp:0.5
12£¬88£¬22





